//uid: "hotznn";

1204691064373991736624617449343068634102
3076298998069251987329223562281879126599
3955962577588632013729125048121915615883
0539853855568931677530847048233912902303
0149819431513195074823214364764018628057
1380003873416191997124365360034202456687
2837597340164771740124671542360781428703
1774395472354381869626991916061700511008
1131932123333745909427121730321968936059
3218349934051802443228613999930279318620
4210555076608882669821476072580987082543
3682944679086305228622786105012237032509
3356726515621581655925420722263517402543
1609576472051761695027951906101971448274
1896396739529182489822855720100067555337
3230804400174451945221812542604215235471
3323385144634125667723744964482195738863
0750889824649821802122359944490341550280
4119175827337021672831783151602494287577
1119578985303931939328820424932596058901
0746204036322875228626433806382926179270
4059971240111363063723799361221406666179
1282322740482845098422924421030450887641
3651539186018141964723723376781673071176
3156717878090362708722529786680184671098
2598183567564071872930121257393770888798
0010524305636062021628860594240002118995
2607967805135215510922619538721795567635
1924126709395302046523083038542238976935
2057798493274672677025302179981552121746
0551294415401522782626855298773863770560
2066712142332745623430330352192792525062
3484528635531226431932141858111542451918
1483638906054702517829923966460519601081
2344496497267285549229476179032333426765
0471095243317881906521630040880750470361
0800496492614786084229633668750730371659
3609886995626781640723456708612147690553
2056240537349932128725976933792771026927
0646479535286285924428730137902561801132
2415283439463011883126899836152806128076
2520153951264371649526021071850508331491
1752297940332561733631900000681328275861
0087937212193065851226127374460906439340
2473555524619401938325949478580783075952
0503247520536862333231949789160725119531
0691181158106291844629046501803946286049
1487971943442905757431734600782839780839
3750247021511381983631584749542899761137
3522480820190711965627074997022056267249
3033486334243341975326282338730937512895
0573986415078102651226045127281198558579
4201447467528242115430735426852621183193
3898299326359241895425984753950957890632
2721200808037786125531986209560162538817
0456576999544412023227586145153819566868
1861772538165192795125190959860889204873
0896973119549052784529958347963019643517
3343283974158691916122712276823868388488
1492308901154494980823432863493117928614
3228971317421813113131735238251770752433
3637161870088046442526290384532044003305
1023797073650841821126611975841028922181
0060402421385271966829183469613264175732
4242583002133446383323844853684102060235
0646473395161031906127156184890816472725
2566431769061571714528324800683846435685
2736972730348982003227636681010764153411
2313523033282831929524159650131411237130
4181695467181181701626256519181771437191
2697468934416791916631195742760518381375
1153037827029101733024795722041822300975
3950896199394421907822678650464126880700
3580066789521731945223776674640147045660
1702651139471332684526588383773942283140
1275544562447011751724210204890621172432
1605225146361581888622515797563228840316
3581191353108081728930824760110940970328
